0  207.0000
0.0847  207.0000
0.1695  253.0000
0.2542  296.0000
0.3390  274.0000
0.4237  209.0000
0.5085  163.0000
0.5932  181.0000
0.6780  212.0000
0.7627  260.0000
0.8475  260.0000
0.9322  204.0000
1.0169  254.0000
1.1017  256.0000
1.1864  266.0000
1.2712  244.0000
1.3559  258.0000
1.4407  168.0000
1.5254  162.0000
1.6102  175.0000
1.6949  198.0000
1.7797  296.0000
1.8644  225.0000
1.9492  270.0000
2.0339  350.0000
2.1186  212.0000
2.2034  295.0000
2.2881  239.0000
2.3729  290.0000
2.4576  192.0000
2.5424  168.0000
2.6271  170.0000
2.7119  249.0000
2.7966  261.0000
2.8814  260.0000
2.9661  226.0000
3.0508  248.0000
3.1356  216.0000
3.2203  271.0000
3.3051  296.0000
3.3898  248.0000
3.4746  152.0000
3.5593  160.0000
3.6441  171.0000
3.7288  171.0000
3.8136  264.0000
3.8983  211.0000
3.9831  294.0000
4.0678  346.0000
4.1525  253.0000
4.2373  267.0000
4.3220  254.0000
4.4068  257.0000
4.4915  153.0000
4.5763  172.0000
4.6610  159.0000
4.7458  211.0000
4.8305  189.0000
4.9153  239.0000
5.0000  182.0000
